cam0:
  cam_overlaps: [1]
  camera_model: pinhole
  distortion_coeffs: [0.006887649340319165, -0.02056864599611637, 0.0018115067942652777, -0.0018030731796910727]
  distortion_model: radtan
  intrinsics: [386.8617059694753, 387.19922665400304, 318.89001812855315, 245.12240747344947]
  resolution: [640, 480]
  rostopic: /d455/infra1/image_rect_raw
cam1:
  T_cn_cnm1:
  - [0.9999570258627049, -0.0007759981153904345, -0.009238195426576114, -0.09494991266627588]
  - [0.0007639433572213331, 0.9999988523182947, -0.001308339650643163, -0.00023235409931776963]
  - [0.009239200093171416, 0.0013012259678465417, 0.9999564710489252, -0.00019737289851444936]
  - [0.0, 0.0, 0.0, 1.0]
  cam_overlaps: [0]
  camera_model: pinhole
  distortion_coeffs: [-0.009277780188111196, 0.012241609894860167, 0.0016038164674771825, 1.7539115977456835e-05]
  distortion_model: radtan
  intrinsics: [385.99567157409575, 387.151669540041, 322.7956651574328, 245.7352094609996]
  resolution: [640, 480]
  rostopic: /d455/infra2/image_rect_raw
