cam0:
  T_cam_imu:
  - [0.9999692543398996, -0.0076229645188098305, 0.0018386916136841913, 0.03279421233050776]
  - [0.007627598219101855, 0.9999677180048635, -0.0025263993258837535, -0.011562509731397138]
  - [-0.001819373604628904, 0.002540346450946817, 0.9999951182478822, -0.021202516057442344]
  - [0.0, 0.0, 0.0, 1.0]
  cam_overlaps: []
  camera_model: pinhole
  distortion_coeffs: [0.006887649340319165, -0.02056864599611637, 0.0018115067942652777, -0.0018030731796910727]
  distortion_model: radtan
  intrinsics: [386.8617059694753, 387.19922665400304, 318.89001812855315, 245.12240747344947]
  resolution: [640, 480]
  rostopic: /d455/infra1/image_rect_raw
  timeshift_cam_imu: -0.00949156966553025
